6147.1900	-6.2
6177.9400	-6.5
6182.1500	-6.4
6186.3600	-6
6189.3100	-5.6
6190.5700	-6.1
6194.7800	-5.7
6198.9900	-5.6
6203.2000	-5.9
6207.4200	-5.6
6211.6300	-6.1
6215.8400	-6.4
6224.2600	-6.6
6227.2100	-6.2
6228.4700	-6.4
6232.6800	-6.2
6236.9000	-6.3
6241.1100	-6.3
6245.3200	-6.3
6249.5300	-6
6253.7400	-6.3
6257.9500	-5.5
6262.1600	-5.6
6265.1100	-6.4
6303.0200	-6
6340.9200	-6.4
6378.8200	-6
6416.7200	-6.1
6454.6300	-6.2
6546.1900	-6
6653.1600	-6
6760.1300	-6.3
6867.1000	-5.9
6974.0700	-6
7081.0400	-6.2
7188.0100	-5.9
7294.9800	-5.8
7508.9200	-6.2
7615.8900	-5.8
7722.8600	-6.2
7829.8300	-5.7
7936.8000	-5.6
8043.7700	-5.4
8061.1200	-5.3
8073.0100	-5.4
8084.8900	-5.6
8096.7800	-5.6
8108.6600	-5.7
8120.5500	-5.7
8132.4300	-5.4
8144.3200	-5.5
8156.2000	-5.4
8168.0900	-5.3
8174.5100	-5.5
8180.0000	-5.5
8190.0000	-5.6
8195.0000	-5.6
8200.0000	-5.8
8204.0000	-5.5
8210.0000	-5.1
8215.0000	-5.5
8220.0000	-5.3
8225.0000	-5.6
8230.0000	-5.6
8235.0000	-5.3
8240.0000	-5.3
8245.0000	-5.6
8250.0000	-5.4
8255.0000	-5.3
8260.0000	-5.4
8265.0000	-5.5
8270.0000	-5.8
8275.0000	-5.6
8280.0000	-5.4
8285.0000	-5.3
8290.0000	-5.9
8295.0000	-5.6
8300.0000	-5.3
8305.0000	-5.8
8310.5800	-5.3
8363.7400	-5.4
8348.9200	-5.9
8422.4100	-5.6
8456.6800	-5.6
8486.5800	-5.4
8556.2700	-5.4
8631.4600	-5.5
8672.2000	-5.4
8779.9600	-5.2
8849.7200	-5.4
8919.3500	-5.7
8988.9900	-5.7
9066.3600	-5.8
9143.7300	-5.2
9221.1000	-5.4
9368.0000	-5.4
9515.0000	-5
9662.0000	-4.8
9662.0800	-4.7
9772.3700	-4.8
9882.6600	-4.7
9992.9500	-4.5
10103.2000	-4.6
10213.5000	-4.8
10323.8000	-4.7
10434.1000	-4.6
10544.4000	-4.7
10654.7000	-4.8
10765.0000	-4.8
10875.3000	-4.8
10985.6000	-4.7
11095.9000	-4.7
11206.1000	-4.8
11316.4000	-4.7
11426.7000	-4.6
11537.0000	-4.7
11647.3000	-4.8
11757.6000	-4.9
11867.9000	-4.9
11978.2000	-5
12088.5000	-5.1
12198.8000	-5.1
12309.0000	-5.2
12354.4000	-4.8
12399.8000	-5.1
12445.1000	-5.3
12475.4000	-5.3
12520.8000	-5.1
12566.1000	-5.5
12611.5000	-5.5
12656.9000	-6
12702.3000	-5.7
12747.6000	-5.9
12793.0000	-5.7
12838.4000	-5.8
12883.8000	-6.3
12929.1000	-6.6
12974.5000	-6.8
13019.9000	-6.8
13065.3000	-6
13110.6000	-5.7
13156.0000	-5.8
13227.6000	-5.8
13299.1000	-5.7
13370.7000	-5.6
13442.2000	-5.8
13513.8000	-5.9
13585.3000	-5.9
13656.9000	-6
13728.5000	-6
13800.0000	-5.2
13871.6000	-5.8
13943.1000	-5.9
14014.7000	-6.1
14086.2000	-6.2
14157.8000	-6.1
14229.4000	-6.1
14300.9000	-6.3
14372.5000	-6.3
14444.0000	-6.4
14515.6000	-6.5
14587.2000	-6.5
14658.7000	-6.4
14730.3000	-6.4
14801.8000	-6.7
14873.4000	-6.5
14944.9000	-6.7
15016.5000	-6.9
15088.1000	-6.6
15159.6000	-6.5
15207.3000	-6.5
15278.9000	-6.4
15350.4000	-6.6
15422.0000	-6.7
15493.5000	-6.7
15565.1000	-6.9
15636.7000	-6.8
15708.2000	-6.9
15779.8000	-6.8
15851.3000	-6.7
15922.9000	-6.5
15994.4000	-6.3
16066.0000	-6.8
16141.0000	-6.5
16215.9000	-6.2
16290.9000	-5.7
16365.9000	-7
16440.8000	-6.9
16515.8000	-6.9
16590.7000	-7
16665.7000	-7.1
16740.6000	-7.1
16815.6000	-6.7
16890.6000	-6.8
16965.5000	-6.7
17040.5000	-6.9
17115.4000	-6.7
17190.4000	-6.9
17265.3000	-6.7
17340.3000	-6.7
17415.2000	-6.7
17490.2000	-6.7
17565.2000	-6.7
17640.1000	-6.5
17715.1000	-6.3
17790.0000	-6.6
17865.0000	-6.4
17915.0000	-6.4
17989.9000	-6.4
18064.9000	-6
18139.8000	-5.9
18214.8000	-5.7
18289.7000	-5.8
18364.7000	-5.8
18439.7000	-6
18514.6000	-6.2
18589.6000	-6
18664.5000	-5.9
18739.5000	-5.9
18814.4000	-6
18889.4000	-5.9
18964.3000	-5.8
19039.3000	-5.9
19114.3000	-6
19189.2000	-6
19264.2000	-6.2
19339.1000	-6.1
19414.1000	-6
19495.0000	-6.1
19588.3000	-5.8
19681.6000	-5.8
19774.9000	-6
19868.2000	-5.9
19961.5000	-5.9
20054.7000	-5.9
20148.0000	-5.8
20241.3000	-5.8
20334.6000	-6
20427.9000	-5.9
20521.1000	-6.1
20614.4000	-6
20707.7000	-6
20801.0000	-5.9
20894.3000	-5.9
20987.6000	-5.8
21080.8000	-6
21174.1000	-6.1
21267.4000	-6.2
21360.7000	-6
21454.0000	-6.2
21547.3000	-6
21640.5000	-6.1
21733.8000	-6.1
21827.1000	-6.2
21920.4000	-5.9
22013.7000	-6
22106.9000	-6.1
22225.1000	-6
22343.3000	-6
22461.4000	-5.9
22579.6000	-5.9
22697.8000	-5.8
22816.0000	-6.1
22934.2000	-6.1
23052.3000	-6.4
23170.5000	-6.5
23288.7000	-6.3
23406.9000	-6.4
23525.1000	-6.5
23643.2000	-6.5
23761.4000	-6.7
23879.6000	-6.8
23997.8000	-6.7
24116.0000	-6.8
24234.1000	-6.8
24352.3000	-6.9
24470.5000	-7
24588.7000	-6.2
24706.8000	-6
24825.0000	-6.2
24943.2000	-6
25061.4000	-6.2
25179.6000	-6.4
25297.7000	-6.2
25415.9000	-6.2
25534.1000	-6.3
25652.3000	-6.3
25770.5000	-6.4
25888.6000	-6.5
26006.8000	-6.5
26125.0000	-6.6
26243.2000	-6.6
26361.4000	-6.6
26479.5000	-5.9
26597.7000	-6
26715.9000	-6.1
26874.9000	-6.2
27032.2000	-6.1
27189.5000	-6.3
27346.8000	-6
27504.2000	-6.4
27661.5000	-6.5
27818.8000	-6.5
27976.1000	-6.5
28133.4000	-6.4
28290.7000	-6.3
28448.0000	-6.2
28605.3000	-6.2
28762.6000	-6.4
28919.9000	-6.3
29077.3000	-6.2
29234.6000	-6
29391.9000	-6.2
29549.2000	-6.1
29706.5000	-6.2
29863.8000	-6.3
30021.1000	-6.3
30178.4000	-6.3
30335.7000	-6.2
30493.0000	-6.2
30650.3000	-6.5
30807.7000	-6.4
30965.0000	-6.4
31122.3000	-6.4
31279.6000	-6.3
31436.9000	-6.3
31594.2000	-6.3
31751.5000	-6.4
31908.8000	-6.3
32066.1000	-6.5
32223.5000	-6.4
32380.8000	-6.4
32538.1000	-6.3
32695.4000	-6.2
32852.7000	-6
33010.0000	-6.4
33167.3000	-6.6
33324.6000	-6.8
33481.9000	-7.1
33639.2000	-7
33796.6000	-6.9
33953.9000	-7
34111.2000	-7
34268.5000	-6.8
34425.8000	-7
34583.1000	-6.6
34740.4000	-6.6
34896.0000	-6.2
35080.0000	-6.5
35184.6000	-6.2
35289.1000	-5.7
35393.7000	-6.1
35498.3000	-6.2
35602.8000	-6.9
35707.4000	-7.3
35812.0000	-7
35916.5000	-7.1
36021.1000	-7.3
36125.7000	-6.9
36230.2000	-6.8
36334.8000	-6.6
36439.4000	-6.8
36544.0000	-6.8
36649.0000	-6.4
36755.6000	-5.7
36862.3000	-5.8
36969.0000	-5.4
37075.6000	-6
37182.3000	-5.9
37288.9000	-6.1
37395.6000	-6
37502.3000	-5.6
37608.9000	-5.7
37715.6000	-5.6
37822.3000	-5.8
37928.9000	-5.8
38035.6000	-6.1
38142.3000	-5.9
38248.9000	-6
38355.6000	-6.1
38462.2000	-6.8
38568.9000	-6.9
38675.6000	-7.4
38782.2000	-7.5
38853.9000	-7.7
38955.1000	-7.6
39056.4000	-7.5
39157.6000	-7.4
39258.8000	-7.8
39360.0000	-7.4
39461.2000	-6.9
39562.5000	-7.5
39663.7000	-7.4
39764.9000	-7.7
39866.1000	-7.5
39967.4000	-7.5
40068.6000	-7.5
40169.8000	-6.8
40271.0000	-6.9
40372.3000	-6.5
40473.5000	-6.1
40574.7000	-5.9
40675.9000	-6.4
40777.2000	-6.4
40878.4000	-6.3
40979.6000	-6.7
41080.8000	-6.8
41182.1000	-6.5
41283.3000	-6.3
41384.5000	-6.5
41485.7000	-6.4
41587.0000	-6.7
41688.2000	-6.8
41789.4000	-6.7
41890.6000	-6.1
41991.8000	-6.1
42093.1000	-6
42194.3000	-6.3
42295.5000	-6.8
42396.7000	-6.6
42498.0000	-7
42599.2000	-7
42700.4000	-6.8
42801.6000	-6.9
42889.0000	-6.2
42953.6000	-6.1
43018.3000	-6.2
43082.9000	-5.9
43147.5000	-5.9
43212.1000	-6.3
43276.7000	-5.9
43341.3000	-6.4
43405.9000	-6
43470.5000	-6.1
43535.1000	-6.1
43599.7000	-5.9
43822.7000	-6.1
44098.0000	-6.1
44373.4000	-6.1
44648.8000	-6.2
44924.1000	-6.7
45199.5000	-7.1
45474.8000	-7.2
45750.2000	-7.3
45813.1000	-6.9
45876.4000	-6.9
45939.8000	-6.8
46003.1000	-7.2
46066.4000	-7
46129.8000	-6.6
46193.1000	-6.8
46256.5000	-6.9
46319.8000	-6.5
46383.2000	-6.6
46446.5000	-6.4
46509.8000	-6.1
46573.2000	-6.3
46636.5000	-6.1
46699.9000	-6.2
46763.2000	-5.9
46826.6000	-6
46983.2000	-5.8
47394.3000	-5.7
47805.3000	-5.8
48216.4000	-5.9
48627.4000	-6.3
49038.5000	-5.7
49449.6000	-5.8
49860.6000	-5.7
50271.7000	-5.7
50682.7000	-5.4
51093.8000	-5.6
51504.9000	-5.8
51915.9000	-5.5
52327.0000	-5.8
52394.5000	-5.9
52461.9000	-6.2
52529.3000	-5.6
52596.8000	-5.4
52664.2000	-5.5
52731.6000	-5.7
52799.0000	-6
52866.4000	-5.9
52933.8000	-6
53001.2000	-6
53068.6000	-5.9
53136.0000	-5.8
53203.5000	-5.6
53270.9000	-5.4
53338.3000	-5.4
53405.7000	-5.2
53473.1000	-5.5
53540.5000	-5.3
53607.9000	-5.3
53675.3000	-5.5
53742.7000	-5.5
53810.2000	-5
53877.6000	-5.1
53945.0000	-5.2
54012.4000	-5.2
54079.8000	-5.4
54147.2000	-5.4
54214.6000	-5.2
54282.0000	-5.6
54349.4000	-5.3
54416.9000	-5.5
54484.3000	-5.5
54551.7000	-5.3
54619.1000	-5.6
54686.5000	-5.7
54753.9000	-5.7
54821.3000	-5.6
54888.7000	-5.4
54956.1000	-5.6
55023.6000	-5.7
55091.0000	-5.5
55158.4000	-5.6
55225.8000	-5.5
55293.2000	-5.3
55360.6000	-5.5
55428.0000	-5.4
55495.4000	-5.6
55562.8000	-5.5
55630.3000	-5.3
55697.7000	-5.9
55765.1000	-5.9
55832.5000	-5.9
55899.9000	-5.9
55967.3000	-6.2
56034.7000	-6.2
56102.1000	-6.2
56146.6000	-6
56169.1000	-5.9
56191.5000	-5.7
56214.0000	-5.6
56236.5000	-5.9
56258.9000	-6.2
56281.4000	-6.5
56303.9000	-6.8
56326.4000	-6.9
56348.8000	-6.9
56371.3000	-7.2
56393.8000	-7.1
56416.3000	-7
56438.7000	-7
56461.2000	-6.7
56483.7000	-6.8
56506.2000	-6.4
56528.6000	-5.6
56551.1000	-5.8
56573.6000	-5.9
56596.1000	-5.9
56618.5000	-6.1
56641.0000	-6.3
56663.5000	-6
56685.9000	-5.9
56708.4000	-6.1
56730.9000	-6.4
56753.4000	-6.4
56775.8000	-6.4
56798.3000	-6.5
56820.8000	-6.5
56843.3000	-6.6
56865.7000	-6.6
56888.2000	-6
56910.7000	-5.8
56933.2000	-5.3
56955.6000	-5.3
56978.1000	-5.5
57000.6000	-5.4
57023.0000	-5.3
57045.5000	-5.4
57068.0000	-5.9
57090.5000	-6.1
57112.9000	-6.2
57135.4000	-6.4
57157.9000	-6.5
57180.4000	-6.4
57202.8000	-6.5
57225.3000	-6.5
57247.8000	-6.5
57270.3000	-6.5
57292.7000	-6.4
57315.2000	-6.6
57337.7000	-6.6
57360.1000	-6.4
57382.6000	-6.6
57405.1000	-6.3
57427.6000	-5.9
57450.0000	-6.3
57472.5000	-6.2
57495.0000	-6.4
57517.5000	-6.4
57539.9000	-6.2
57562.4000	-5.9
57584.9000	-6
57607.4000	-5.9
57629.8000	-5.7
57652.3000	-5.5
57674.8000	-5.7
57697.3000	-5.8
57719.7000	-5.5
57742.2000	-5.3
57764.7000	-5.6
57787.1000	-5.5
57809.6000	-5
57832.1000	-5.2
57854.6000	-5.6
57877.0000	-5.6
57899.5000	-5
57922.0000	-5.1
57944.5000	-5.2
57966.9000	-5.1
57989.4000	-4.9
58011.9000	-4.9
58034.4000	-5.2
58056.8000	-5.2
58079.3000	-5.1
58101.8000	-5.1
58124.2000	-5.1
58146.7000	-5.2
58169.2000	-5.6
58191.7000	-5.8
58214.1000	-5
58236.6000	-4.8
58259.1000	-5.4
58281.6000	-5.5
58304.0000	-5.6
58326.5000	-5.7
58349.0000	-5.7
58371.5000	-5.8
58393.9000	-5.5
58416.4000	-4.9
58438.9000	-5.5
58461.4000	-5.4
58483.8000	-5.6
58506.3000	-5.2
58528.8000	-5.7
58551.2000	-5.3
58573.7000	-5.1
58596.2000	-5.4
58618.7000	-5.4
58641.1000	-5.3
58663.6000	-5.4
58766.6000	-5.2
58972.6000	-5.5
59075.7000	-5.9
59204.5000	-5.7
59281.7000	-5.6
59384.8000	-5.9
59487.8000	-5.5
59590.9000	-6.4
59693.9000	-6.6
59796.9000	-6.1
59900.0000	-6.8
60003.0000	-6.4
60106.0000	-6.4
60209.1000	-6.2
60312.1000	-5.6
60415.7000	-5.5
60518.2000	-5.8
60621.2000	-5.3
60724.2000	-5.2
60827.3000	-5.5
60930.3000	-5.6
61033.4000	-6.9
61136.4000	-6.8
61239.4000	-6.7
61342.5000	-7.4
61445.6000	-6.9
61548.5000	-7.2
61651.6000	-7.7
61754.6000	-7.1
61857.6000	-6.9
61960.7000	-7.3
62063.7000	-7.2
62166.8000	-7.8
62269.8000	-7.1
62372.8000	-7.1
62475.9000	-7.4
62578.9000	-6.9
62681.9000	-7.1
62785.0000	-6.9
62888.0000	-7
62991.0000	-6.9
63094.1000	-7.2
63197.1000	-7.1
63300.1000	-7.2
63403.2000	-6.3
63506.2000	-6.3
63609.3000	-6.5
63712.3000	-6.9
63815.3000	-6.6
63918.4000	-6.5
64021.4000	-6.5
64124.4000	-5.9
64227.5000	-5.9
64330.5000	-5.4
64433.5000	-5.8
64536.6000	-5.7
64639.6000	-5.9
64742.7000	-5.7
64845.7000	-5.8
64948.7000	-5.6
65051.8000	-5.4
65154.8000	-5.8
65257.8000	-5.6
65360.9000	-6.5
65463.9000	-6.3
65566.9000	-6.6
65670.0000	-6.7
65721.5000	-6.8
65951.7000	-6.8
66066.9000	-6.9
66182.1000	-7
66297.4000	-7
66412.6000	-6.9
66527.9000	-6.7
66643.1000	-6.7
66758.4000	-6.9
66873.6000	-6.5
66988.9000	-6.7
67104.1000	-6.4
67219.4000	-6.6
67334.6000	-6.9
67449.8000	-6.9
67565.1000	-7
67680.3000	-7.3
67795.6000	-6.9
67910.8000	-7.5
68026.1000	-7.4
68141.3000	-7.3
68256.6000	-7.1
68371.8000	-7.4
68487.1000	-7.4
68602.3000	-7.5
68717.5000	-7.4
68832.8000	-7.3
68948.0000	-7.3
69063.3000	-7.9
69178.5000	-7.9
69293.8000	-7.7
69409.0000	-7.7
69524.3000	-7.5
69639.5000	-7.8
69754.7000	-7.4
69870.0000	-6.8
69985.2000	-6.9
70100.5000	-7.3
70215.7000	-7.2
70331.0000	-7.1
70446.2000	-6.7
70561.5000	-6.8
70676.7000	-7.1
70791.9000	-7.1
70907.2000	-7.2
71022.4000	-7.2
71137.7000	-7.4
71252.9000	-7.2
71368.2000	-7.4
71483.4000	-6.8
71598.7000	-6.9
71713.9000	-7.2
71829.2000	-7.1
71944.4000	-7
72059.6000	-7.4
72174.9000	-7.1
72290.1000	-7
72405.4000	-6.6
72520.6000	-6.7
72635.9000	-6.6
72751.1000	-6.6
72866.4000	-6.5
72981.6000	-6.8
73096.9000	-6.6
73212.1000	-7.4
73327.3000	-7.5
73442.6000	-7.6
73557.8000	-7.3
73673.1000	-7.4
73788.3000	-7.4
73903.6000	-6.7
74018.8000	-6.9
74134.1000	-7.5
74222.9000	-7.5
74309.2000	-7.7
74395.6000	-7.6
74481.9000	-7.7
74568.2000	-7.5
74654.6000	-7.6
74740.9000	-7.9
74827.2000	-7.9
74913.6000	-7.9
74999.9000	-6.6
75086.3000	-6.6
75172.6000	-6.8
75258.9000	-6.7
75345.3000	-6.8
75431.6000	-6.7
75517.9000	-6.8
75604.3000	-6.7
75690.6000	-6.7
75776.9000	-6.7
75863.3000	-6.7
75949.6000	-6.7
76035.9000	-6.7
76122.3000	-6.7
76208.6000	-6.7
76294.9000	-6.7
76381.3000	-6.6
76467.6000	-6.6
76553.9000	-7.6
76640.3000	-6.9
76726.6000	-7.8
76812.9000	-7.7
76899.3000	-7.9
76985.6000	-7.9
77072.0000	-7.8
77158.3000	-7.7
77244.6000	-7.5
77331.0000	-7.3
77417.3000	-7.3
77503.6000	-7.2
77590.0000	-6.3
77676.3000	-6.2
77762.6000	-5.5
77849.0000	-6.1
77935.3000	-5.6
78021.6000	-6.6
78108.0000	-6.5
78194.3000	-6.5
78280.6000	-5.7
78367.0000	-6.2
78453.3000	-6.2
78539.6000	-6.3
78626.0000	-6.2
78712.3000	-6.1
78798.7000	-6
78885.0000	-6.1
78971.3000	-6.2
79057.7000	-6
79144.0000	-6.1
79230.3000	-6.2
79316.7000	-6.1
79403.0000	-6.1
79489.3000	-6
79575.7000	-5.9
79662.0000	-6.1
79748.3000	-6.2
79834.7000	-6.4
79921.0000	-6.4
80007.3000	-6.1
80093.7000	-6.1
80180.0000	-6
80266.4000	-6
80352.7000	-5.7
80439.0000	-5.8
80525.4000	-5.7
80611.7000	-5.6
80698.0000	-5.6
80784.4000	-5.6
80870.7000	-5.6
80957.0000	-5.9
81043.4000	-5.6
81129.7000	-5.4
81216.0000	-5.5
81302.4000	-5.8
81388.7000	-5.8
81475.0000	-5.7
81561.4000	-5.6
81647.7000	-5.6
81734.0000	-5.5
81820.4000	-5.3
81906.7000	-5.3
81993.1000	-5.3
82079.4000	-5.3
82165.7000	-5.3
82252.1000	-5.3
82338.4000	-5.6
82424.7000	-5.6
82511.1000	-5.3
82597.4000	-5.5
82683.7000	-5.4
82770.1000	-5.5
82856.4000	-5.6
82942.7000	-5.4
83029.1000	-5.7
83201.7000	-5.6
83314.0000	-5.7
83429.9000	-5.5
83545.8000	-5.5
83661.6000	-5.3
83777.5000	-5.1
83893.4000	-5.3
84009.2000	-5.2
84125.1000	-5
84241.0000	-5.4
84356.8000	-5.3
84472.7000	-5.5
84588.6000	-5.5
84704.4000	-5.3
84820.3000	-5.2
84936.2000	-6.2
85052.1000	-6.8
85167.9000	-6.5
85283.8000	-7.1
85399.7000	-7.6
85515.5000	-7.5
85631.4000	-7.5
85747.3000	-7.2
85863.1000	-7
85979.0000	-7.3
86094.9000	-7.4
86210.8000	-7.4
86326.6000	-7.5
86442.5000	-7.6
86558.4000	-7.8
86674.2000	-7.5
86790.1000	-7.5
86906.0000	-7.7
87137.7000	-7.5
87253.6000	-7.6
87369.5000	-7.4
87485.3000	-7.4
87601.2000	-7.5
87717.1000	-7.1
87832.9000	-7.1
87948.8000	-7.4
88064.7000	-7.5
88180.6000	-7.6
88296.4000	-7.9
88412.3000	-8.1
88528.2000	-7.7
88644.0000	-7.3
88759.9000	-7.5
88875.8000	-7.4
88991.6000	-6.8
89107.5000	-6.5
89223.4000	-6.1
89339.3000	-6.3
89455.1000	-6.4
89571.0000	-6.7
89686.9000	-6.6
89802.7000	-6.7
89918.6000	-6.9
90034.5000	-6.4
90150.3000	-6.6
90266.2000	-6.5
90382.1000	-6.9
90497.9000	-6.8
90613.8000	-6.3
90729.7000	-6.2
90845.6000	-6.5
90961.4000	-6.8
91077.3000	-6.4
91193.2000	-6.8
91309.0000	-6.8
91424.9000	-6.6
91540.8000	-6.4
91656.6000	-6.5
91772.5000	-6.6
91888.4000	-6.6
92004.3000	-6.9
92120.1000	-6.5
92236.0000	-6.7
92351.9000	-7.1
92467.7000	-7.3
92583.6000	-7.3
92699.5000	-7.2
92815.4000	-7.1
92931.2000	-6.8
93047.1000	-6.9
93163.0000	-7.1
93280.3000	-7.1
93396.8000	-7.2
93510.6000	-7.4
93626.4000	-7.3
93742.3000	-7.2
93858.2000	-7.3
93974.1000	-7.2